6.866984127 20.457573696 0.1125,0.85 80 2 0
8.564693878 20.457573696 0.2375,0.85 50 2 1
10.278321995 20.457573696 0.325,0.85 30 2 2
11.966031746 20.457573696 0.4125,0.85 50 2 3
13.676371882 20.457573696 0.525,0.85 80 2 5
14.534331066 20.457573696 0.6375,0.85 50 2 0
14.955192744 20.457573696 0.7125,0.85 30 2 2
15.387278912 20.457573696 0.7875,0.85 50 2 3
17.095782313 20.457573696 0.9,0.85 80 2 4
17.888049887 20.457573696 0.9,0.7166666666666667 50 2 5
18.331814059 20.457573696 0.9,0.6166666666666667 30 2 0
18.759047619 20.457573696 0.9,0.5166666666666667 50 2 1
20.457573696 22.152721088 0.175,0.5666666666666667 80 2 3
21.305079365 22.152721088 0.4875,0.5666666666666667 80 2 3
21.715759637 22.152721088 0.7625,0.5666666666666667 80 2 3
22.152721088 23.839183673 0.2,0.2833333333333333 80 2 4
22.972585034 23.839183673 0.4875,0.55 80 2 4
23.414399093 23.839183673 0.7625,0.7833333333333333 80 2 4
23.839183673 25.547097506 0.8375,0.18333333333333332 80 2 2
24.683696145 25.547097506 0.525,0.5 80 2 2
25.098594104 25.547097506 0.1875,0.8 80 2 2
25.547097506 27.208594104 0.45,0.75 80 2 5
26.350249433 27.208594104 0.3375,0.6666666666666666 50 2 5
26.557732426 27.208594104 0.2875,0.5666666666666667 50 2 5
26.790181406 27.208594104 0.2875,0.45 30 2 5
26.996485261 27.208594104 0.325,0.36666666666666664 30 2 5
27.208594104 30.614852608 0.4,0.7666666666666667 30 2 5
28.078888889 30.614852608 0.325,0.65 30 2 2
28.498843537 30.614852608 0.25,0.5166666666666667 30 2 5
28.932675737 30.614852608 0.5375,0.7666666666666667 30 2 2
29.755079365 30.614852608 0.6125,0.65 30 2 5
30.195011338 30.614852608 0.6875,0.5 30 2 2
30.614852608 33.997052154 0.475,0.8666666666666667 50 2 4
31.428412698 33.997052154 0.475,0.5833333333333334 50 2 4
31.877891156 33.997052154 0.475,0.2833333333333333 50 2 4
32.299138322 33.997052154 0.375,0.7333333333333333 30 2 0
32.703174603 33.997052154 0.575,0.7166666666666667 30 2 0
32.917800454 33.997052154 0.375,0.43333333333333335 30 2 0
33.165124717 33.997052154 0.5625,0.43333333333333335 30 2 0
33.375646259 33.997052154 0.375,0.13333333333333333 30 2 0
33.564875283 33.997052154 0.575,0.13333333333333333 30 2 0
33.794399093 33.997052154 0.7625,0.13333333333333333 30 2 0
33.997052154 41.149705215 0.45,0.5833333333333334 80 2 3
34.421496599 41.149705215 0.5375,0.6333333333333333 30 2 2
34.852267574 41.149705215 0.4875,0.7 30 2 4
35.237006803 41.149705215 0.4125,0.7166666666666667 30 2 2
35.448276644 41.149705215 0.3375,0.65 30 2 4
37.308208617 41.149705215 0.35,0.55 30 2 2
37.54861678 41.149705215 0.4,0.4666666666666667 30 2 4
38.000680272 41.149705215 0.475,0.45 30 2 2
38.436031746 41.149705215 0.5375,0.48333333333333334 30 2 4
38.839319728 41.149705215 0.5625,0.55 30 2 3
41.149705215 47.910113379 0.475,0.5666666666666667 80 2 0
41.577845805 47.910113379 0.5,0.7 30 2 4
41.999773243 47.910113379 0.5625,0.65 30 2 3
42.197573696 47.910113379 0.575,0.55 30 2 4
44.062993197 47.910113379 0.5375,0.45 30 2 3
44.537959184 47.910113379 0.4625,0.43333333333333335 30 2 4
44.759160998 47.910113379 0.3875,0.4666666666666667 30 2 3
45.368117914 47.910113379 0.3625,0.5666666666666667 30 2 4
45.602675737 47.910113379 0.4125,0.6666666666666666 30 2 5
45.995918367 47.910113379 0.3625,0.7333333333333333 30 2 5
46.394761905 47.910113379 0.3125,0.8 30 2 5
46.843809524 47.910113379 0.2625,0.8666666666666667 30 2 5
47.059954649 47.910113379 0.2125,0.9333333333333333 30 2 5
47.910113379 74.492789116 0.1625,0.9166666666666666 30 2 4
48.330861678 74.492789116 0.2,0.8666666666666667 30 2 4
48.762176871 74.492789116 0.25,0.8666666666666667 30 2 4
48.973151927 74.492789116 0.2875,0.9166666666666666 30 2 4
50.847528345 74.492789116 0.225,0.8 30 2 4
51.054852608 74.492789116 0.1625,0.8 30 2 4
51.532517007 74.492789116 0.2875,0.8 30 2 4
51.963219955 74.492789116 0.2,0.7333333333333333 30 2 4
52.374875283 74.492789116 0.2625,0.7333333333333333 30 2 4
54.636961451 74.492789116 0.1375,0.7166666666666667 30 2 4
55.093560091 74.492789116 0.325,0.7333333333333333 30 2 4
55.50861678 74.492789116 0.2875,0.6666666666666666 30 2 4
55.733424036 74.492789116 0.1875,0.6666666666666666 30 2 4
57.631156463 74.492789116 0.625,0.9166666666666666 30 2 4
58.049433107 74.492789116 0.6625,0.8666666666666667 30 2 4
58.269206349 74.492789116 0.7125,0.8666666666666667 30 2 4
58.900113379 74.492789116 0.75,0.9166666666666666 30 2 4
59.104897959 74.492789116 0.6875,0.8 30 2 4
59.545578231 74.492789116 0.75,0.8 30 2 4
59.94414966 74.492789116 0.625,0.8 30 2 4
60.386893424 74.492789116 0.5875,0.7333333333333333 30 2 4
60.591746032 74.492789116 0.6625,0.7333333333333333 30 2 4
61.036734694 74.492789116 0.725,0.7333333333333333 30 2 4
61.461791383 74.492789116 0.7875,0.7166666666666667 30 2 4
61.872811791 74.492789116 0.625,0.6666666666666666 30 2 4
62.310294785 74.492789116 0.7375,0.6666666666666666 30 2 4
62.730272109 74.492789116 0.075,0.5 30 2 4
63.137301587 74.492789116 0.1125,0.45 30 2 4
63.548049887 74.492789116 0.1625,0.4 30 2 4
63.997324263 74.492789116 0.225,0.36666666666666664 30 2 4
64.415238095 74.492789116 0.2875,0.3333333333333333 30 2 4
64.832380952 74.492789116 0.3625,0.31666666666666665 30 2 4
65.258639456 74.492789116 0.4375,0.3 30 2 4
65.671088435 74.492789116 0.5125,0.3 30 2 4
66.089546485 74.492789116 0.5875,0.31666666666666665 30 2 4
66.492380952 74.492789116 0.65,0.35 30 2 4
66.93707483 74.492789116 0.7125,0.4 30 2 4
67.366848073 74.492789116 0.7625,0.45 30 2 4
68.179387755 74.492789116 0.8,0.5 30 2 4
68.617324263 74.492789116 0.0875,0.4 30 2 4
69.072199546 74.492789116 0.1375,0.35 30 2 4
69.268344671 74.492789116 0.2,0.3 30 2 4
71.157755102 74.492789116 0.2625,0.26666666666666666 30 2 4
71.569115646 74.492789116 0.3375,0.23333333333333334 30 2 4
71.777482993 74.492789116 0.4125,0.21666666666666667 30 2 4
72.400181406 74.492789116 0.5,0.21666666666666667 30 2 4
72.619024943 74.492789116 0.575,0.23333333333333334 30 2 4
73.06170068 74.492789116 0.6375,0.26666666666666666 30 2 4
73.428866213 74.492789116 0.7,0.31666666666666665 30 2 4
73.860090703 74.492789116 0.75,0.35 30 2 4
74.069251701 74.492789116 0.7875,0.4 30 2 4
74.492789116 76.644603175 0.1625,0.8 80 2 5
74.7130839 76.644603175 0.2625,0.8 30 2 1
74.942426304 76.644603175 0.25,0.7166666666666667 30 2 1
75.17031746 76.644603175 0.1875,0.6833333333333333 30 2 1
75.383038549 76.644603175 0.1125,0.6833333333333333 30 2 1
75.597596372 76.644603175 0.0625,0.75 30 2 1
75.830521542 76.644603175 0.0625,0.85 30 2 1
76.036553288 76.644603175 0.1125,0.9166666666666666 30 2 1
76.232244898 76.644603175 0.1875,0.9166666666666666 30 2 1
76.446077098 76.644603175 0.25,0.8833333333333333 30 2 1
76.644603175 77.90675737 0.7125,0.7833333333333333 80 2 1
76.842131519 77.90675737 0.7875,0.8833333333333333 30 2 4
77.053197279 77.90675737 0.8125,0.7333333333333333 30 2 4
77.270430839 77.90675737 0.7,0.65 30 2 4
77.480861678 77.90675737 0.6,0.7333333333333333 30 2 4
77.695782313 77.90675737 0.625,0.8833333333333333 30 2 4
77.90675737 80.02 0.4875,0.7666666666666667 80 2 4
78.10845805 80.02 0.5875,0.8166666666666667 30 2 3
78.340657596 80.02 0.6,0.7333333333333333 30 2 3
78.5461678 80.02 0.5625,0.65 30 2 3
78.751201814 80.02 0.4875,0.6166666666666667 30 2 3
78.955623583 80.02 0.4125,0.6666666666666666 30 2 3
79.160294785 80.02 0.375,0.7666666666666667 30 2 3
79.380113379 80.02 0.4,0.85 30 2 3
79.602857143 80.02 0.4625,0.9 30 2 3
79.807120181 80.02 0.5375,0.9 30 2 3
80.02 81.275873016 0.1625,0.45 80 2 3
80.232721088 81.275873016 0.275,0.5 30 2 5
80.440907029 81.275873016 0.2625,0.35 30 2 5
80.651882086 81.275873016 0.1375,0.3 30 2 5
80.868911565 81.275873016 0.0375,0.43333333333333335 30 2 5
81.061519274 81.275873016 0.1375,0.6 30 2 5
81.275873016 89.740612245 0.1625,0.7833333333333333 80 2 5
81.703038549 89.740612245 0.425,0.7833333333333333 80 2 5
82.538344671 89.740612245 0.675,0.7833333333333333 80 2 5
83.386825397 89.740612245 0.925,0.7833333333333333 80 2 5
84.6561678 89.740612245 0.0625,0.5833333333333334 80 2 5
85.101723356 89.740612245 0.35,0.5833333333333334 80 2 5
85.948095238 89.740612245 0.6,0.5833333333333334 80 2 5
86.769160998 89.740612245 0.8625,0.5833333333333334 80 2 5
89.740612245 94.794761905 0.1375,0.8333333333333334 80 2 0
90.20138322 94.794761905 0.2875,0.8333333333333334 80 2 0
90.576054422 94.794761905 0.4125,0.8333333333333334 50 2 0
90.939909297 94.794761905 0.5125,0.8333333333333334 50 2 0
91.198185941 94.794761905 0.6125,0.8333333333333334 30 2 0
91.457936508 94.794761905 0.225,0.6833333333333333 80 2 1
91.853219955 94.794761905 0.3625,0.6833333333333333 80 2 1
92.277596372 94.794761905 0.475,0.6833333333333333 50 2 1
92.598911565 94.794761905 0.5625,0.6833333333333333 50 2 1
92.896870748 94.794761905 0.6625,0.6833333333333333 30 2 1
93.093900227 94.794761905 0.3,0.5333333333333333 80 2 2
93.53553288 94.794761905 0.4375,0.5333333333333333 80 2 2
93.970566893 94.794761905 0.55,0.5333333333333333 50 2 2
94.280068027 94.794761905 0.6375,0.5333333333333333 50 2 2
94.583038549 94.794761905 0.725,0.5333333333333333 30 2 2
94.794761905 101.354172336 0.075,0.8 80 2 3
95.236349206 101.354172336 0.1625,0.6833333333333333 80 2 3
95.660566893 101.354172336 0.2375,0.5833333333333334 50 2 3
95.97829932 101.354172336 0.3,0.5 50 2 3
96.277097506 101.354172336 0.3625,0.4166666666666667 30 2 3
96.533854875 101.354172336 0.3375,0.8 80 2 4
96.962970522 101.354172336 0.425,0.6833333333333333 80 2 4
97.387664399 101.354172336 0.5,0.5833333333333334 50 2 4
97.670793651 101.354172336 0.5625,0.5 50 2 4
98.007505669 101.354172336 0.625,0.4166666666666667 30 2 4
98.215464853 101.354172336 0.6,0.8 80 2 5
98.611247166 101.354172336 0.6875,0.6833333333333333 80 2 5
99.049092971 101.354172336 0.7625,0.5833333333333334 50 2 5
99.361473923 101.354172336 0.825,0.5 50 2 5
99.667460317 101.354172336 0.8875,0.4166666666666667 30 2 5
99.896780045 101.354172336 0.1625,0.48333333333333334 50 2 0
100.333492063 101.354172336 0.2125,0.8166666666666667 50 2 0
100.752108844 101.354172336 0.4375,0.48333333333333334 50 2 0
101.063514739 101.354172336 0.475,0.8166666666666667 50 2 0
101.354172336 115.094217687 0.675,0.48333333333333334 50 2 0
108.303106576 115.094217687 0.725,0.5666666666666667 30 2 0
108.77877551 115.094217687 0.8,0.5833333333333334 30 2 0
109.203650794 115.094217687 0.8375,0.5 30 2 0
109.601451247 115.094217687 0.8,0.4 30 2 0
109.840521542 115.094217687 0.75,0.3 30 2 0
110.085510204 115.094217687 0.6875,0.21666666666666667 30 2 0
111.698276644 115.094217687 0.625,0.3 30 2 0
112.111836735 115.094217687 0.5625,0.4 30 2 0
112.55814059 115.094217687 0.5125,0.5 30 2 0
112.986825397 115.094217687 0.55,0.5833333333333334 30 2 0
113.180045351 115.094217687 0.625,0.5666666666666667 30 2 0
113.40244898 115.094217687 0.6375,0.4 50 2 0
114.638231293 115.094217687 0.7125,0.4 50 2 0
115.094217687 116.782426304 0.15,0.8166666666666667 80 2 5
115.289365079 116.782426304 0.2625,0.8166666666666667 30 2 0
115.503106576 116.782426304 0.3375,0.8166666666666667 30 2 1
115.725464853 116.782426304 0.4375,0.8166666666666667 80 2 2
115.935736961 116.782426304 0.5375,0.8166666666666667 30 2 3
116.160340136 116.782426304 0.6125,0.8166666666666667 30 2 4
116.377006803 116.782426304 0.7125,0.8166666666666667 80 2 5
116.581088435 116.782426304 0.825,0.8166666666666667 30 2 0
116.782426304 118.472335601 0.125,0.7166666666666667 80 2 1
116.998526077 118.472335601 0.2625,0.7166666666666667 80 2 2
117.214036281 118.472335601 0.3625,0.7166666666666667 30 2 3
117.414489796 118.472335601 0.4625,0.7166666666666667 80 2 4
117.637482993 118.472335601 0.575,0.7166666666666667 30 2 5
117.830045351 118.472335601 0.65,0.7166666666666667 30 2 0
118.037437642 118.472335601 0.75,0.7166666666666667 80 2 1
118.254444444 118.472335601 0.85,0.7166666666666667 30 2 2
118.472335601 120.139047619 0.1,0.5166666666666667 80 2 3
118.686281179 120.139047619 0.2375,0.5166666666666667 80 2 4
118.888163265 120.139047619 0.35,0.5166666666666667 30 2 5
119.119092971 120.139047619 0.4625,0.5166666666666667 80 2 0
119.324376417 120.139047619 0.5625,0.5166666666666667 30 2 1
119.52877551 120.139047619 0.6375,0.5166666666666667 30 2 2
119.72829932 120.139047619 0.7375,0.5166666666666667 80 2 3
119.934285714 120.139047619 0.8375,0.5166666666666667 30 2 4
120.139047619 121.856462585 0.45,0.6666666666666666 80 2 4
120.352108844 121.856462585 0.3875,0.55 50 2 4
120.575351474 121.856462585 0.4625,0.5333333333333333 30 2 4
120.779319728 121.856462585 0.5375,0.5666666666666667 50 2 4
120.990340136 121.856462585 0.5625,0.6666666666666666 30 2 4
121.176848073 121.856462585 0.5375,0.75 30 2 4
121.411179138 121.856462585 0.4625,0.8166666666666667 50 2 4
121.620861678 121.856462585 0.3875,0.7666666666666667 30 2 2
121.856462585 123.549274376 0.45,0.65 80 2 2
122.088344671 123.549274376 0.55,0.65 50 2 2
122.293151927 123.549274376 0.5125,0.75 30 2 2
122.513922902 123.549274376 0.425,0.7833333333333333 30 2 2
122.730793651 123.549274376 0.35,0.7166666666666667 30 2 2
122.938820862 123.549274376 0.3375,0.6 30 2 2
123.135306122 123.549274376 0.4,0.5166666666666667 50 2 2
123.337800454 123.549274376 0.5,0.5166666666666667 30 2 0
123.549274376 125.226643991 0.4875,0.4666666666666667 80 2 0
123.75877551 125.226643991 0.575,0.5666666666666667 50 2 0
123.958004535 125.226643991 0.4875,0.6 30 2 0
124.15122449 125.226643991 0.4,0.5666666666666667 50 2 0
124.345555556 125.226643991 0.375,0.45 30 2 0
124.574512472 125.226643991 0.425,0.35 30 2 0
124.790272109 125.226643991 0.525,0.31666666666666665 50 2 0
125.02292517 125.226643991 0.5875,0.4166666666666667 30 2 3
125.226643991 126.916734694 0.225,0.75 80 2 3
125.445555556 126.916734694 0.325,0.8 50 2 3
125.656666667 126.916734694 0.2625,0.8666666666666667 30 2 3
125.878117914 126.916734694 0.175,0.8833333333333333 50 2 3
126.073718821 126.916734694 0.125,0.8 30 2 3
126.28031746 126.916734694 0.125,0.7 30 2 3
126.496303855 126.916734694 0.1875,0.6166666666666667 50 2 3
126.697188209 126.916734694 0.275,0.6333333333333333 30 2 5
126.916734694 128.374897959 0.6875,0.75 80 2 5
127.133514739 128.374897959 0.8,0.7666666666666667 50 2 5
127.335941043 128.374897959 0.775,0.65 30 2 5
127.551564626 128.374897959 0.7,0.6 50 2 5
127.763628118 128.374897959 0.6125,0.6333333333333333 30 2 5
127.957324263 128.374897959 0.575,0.7333333333333333 30 2 5
128.157845805 128.374897959 0.6,0.85 50 2 1
128.374897959 142.15585034 0.45,0.6833333333333333 80 2 1
135.803174603 142.15585034 0.575,0.7166666666666667 30 2 4
136.22106576 142.15585034 0.5625,0.6166666666666667 30 2 4
136.689365079 142.15585034 0.5125,0.55 30 2 4
136.900839002 142.15585034 0.425,0.5333333333333333 30 2 4
138.739319728 142.15585034 0.3375,0.6 30 2 4
139.186598639 142.15585034 0.3125,0.7166666666666667 30 2 4
139.410929705 142.15585034 0.35,0.8166666666666667 30 2 4
140.044013605 142.15585034 0.4375,0.8666666666666667 30 2 4
140.227755102 142.15585034 0.525,0.8333333333333334 30 2 4
140.674195011 142.15585034 0.3875,0.7333333333333333 30 2 3
141.065170068 142.15585034 0.5125,0.7333333333333333 30 2 3
141.507346939 142.15585034 0.45,0.5833333333333334 30 2 3
142.15585034 148.916190476 0.05,0.6833333333333333 30 2 2
142.567437642 148.916190476 0.1,0.6833333333333333 30 2 2
142.997256236 148.916190476 0.175,0.8333333333333334 30 2 2
143.413015873 148.916190476 0.2375,0.7333333333333333 30 2 2
143.826553288 148.916190476 0.275,0.7833333333333333 30 2 2
144.257301587 148.916190476 0.325,0.7833333333333333 30 2 2
144.680702948 148.916190476 0.375,0.7833333333333333 30 2 2
145.09845805 148.916190476 0.425,0.7833333333333333 30 2 2
145.530045351 148.916190476 0.4875,0.8 30 2 2
145.947619048 148.916190476 0.5375,0.8333333333333334 30 2 2
146.394807256 148.916190476 0.5875,0.8 30 2 2
146.808367347 148.916190476 0.6375,0.7666666666666667 30 2 2
147.222675737 148.916190476 0.775,0.6833333333333333 30 2 2
147.654285714 148.916190476 0.85,0.6833333333333333 30 2 2
148.07829932 148.916190476 0.7375,0.5666666666666667 30 2 2
148.48399093 148.916190476 0.7875,0.5333333333333333 30 2 2
148.50414966 148.916190476 0.8375,0.5333333333333333 30 2 2
148.702086168 148.916190476 0.8875,0.5666666666666667 30 2 2
148.916190476 155.464852608 0.925,0.9 80 2 0
149.342947846 155.464852608 0.8625,0.8166666666666667 30 2 0
149.774988662 155.464852608 0.825,0.7666666666666667 30 2 0
150.201655329 155.464852608 0.7875,0.7166666666666667 30 2 0
150.620068027 155.464852608 0.075,0.1 80 2 4
151.031360544 155.464852608 0.1375,0.18333333333333332 30 2 4
151.44600907 155.464852608 0.175,0.23333333333333334 30 2 4
151.848843537 155.464852608 0.2125,0.2833333333333333 30 2 4
152.302244898 155.464852608 0.075,0.9166666666666666 80 2 5
152.72170068 155.464852608 0.1375,0.85 30 2 5
153.146848073 155.464852608 0.175,0.8 30 2 5
153.570770975 155.464852608 0.2125,0.75 30 2 5
153.974693878 155.464852608 0.925,0.11666666666666667 80 2 3
154.424807256 155.464852608 0.8625,0.2 30 2 3
154.811632653 155.464852608 0.825,0.25 30 2 3
155.241269841 155.464852608 0.7875,0.3 30 2 3
155.464852608 169.099206349 0.75,0.35 30 2 3
155.683333333 169.099206349 0.7,0.35 30 2 3
156.105147392 169.099206349 0.65,0.35 30 2 3
156.54276644 169.099206349 0.6,0.35 30 2 3
156.95138322 169.099206349 0.55,0.35 30 2 3
157.383764172 169.099206349 0.5,0.35 30 2 3
157.777981859 169.099206349 0.45,0.35 30 2 3
158.233446712 169.099206349 0.4,0.35 30 2 3
158.628979592 169.099206349 0.35,0.35 30 2 3
159.065759637 169.099206349 0.3125,0.4166666666666667 30 2 4
159.460861678 169.099206349 0.3625,0.4166666666666667 30 2 4
159.890181406 169.099206349 0.4125,0.4166666666666667 30 2 4
160.31675737 169.099206349 0.4625,0.4166666666666667 30 2 4
160.74414966 169.099206349 0.5125,0.4166666666666667 30 2 4
161.162290249 169.099206349 0.5625,0.4166666666666667 30 2 4
161.61154195 169.099206349 0.6125,0.4166666666666667 30 2 4
162.014217687 169.099206349 0.6625,0.4166666666666667 30 2 4
162.850589569 169.099206349 0.7125,0.4166666666666667 30 2 4
163.302108844 169.099206349 0.6875,0.48333333333333334 30 2 2
163.715578231 169.099206349 0.6375,0.48333333333333334 30 2 2
163.919501134 169.099206349 0.5875,0.48333333333333334 30 2 2
165.778752834 169.099206349 0.5375,0.48333333333333334 30 2 2
166.214897959 169.099206349 0.4875,0.48333333333333334 30 2 2
166.411405896 169.099206349 0.4375,0.48333333333333334 30 2 2
167.045759637 169.099206349 0.3875,0.48333333333333334 30 2 2
167.267845805 169.099206349 0.3375,0.48333333333333334 30 2 2
167.693741497 169.099206349 0.2875,0.48333333333333334 30 2 2
168.074920635 169.099206349 0.175,0.6333333333333333 80 2 3
168.464353741 169.099206349 0.175,0.4666666666666667 80 2 4
168.656712018 169.099206349 0.175,0.3 80 2 2
169.099206349 170.859591837 0.0875,0.8666666666666667 80 2 5
169.339274376 170.859591837 0.1875,0.8666666666666667 30 2 4
169.5669161 170.859591837 0.2625,0.8666666666666667 30 2 4
169.786553288 170.859591837 0.3375,0.8666666666666667 30 2 4
170.022811791 170.859591837 0.4375,0.8666666666666667 80 2 5
170.233718821 170.859591837 0.5375,0.8666666666666667 30 2 4
170.44521542 170.859591837 0.6375,0.8666666666666667 80 2 5
170.649886621 170.859591837 0.7375,0.8666666666666667 30 2 4
170.859591837 171.065056689 0.8625,0.7333333333333333 80 2 5
171.065056689 172.578072562 0.8625,0.7333333333333333 30 2 4
171.291360544 172.578072562 0.75,0.7333333333333333 80 2 5
171.500770975 172.578072562 0.6375,0.7333333333333333 30 2 4
171.709614512 172.578072562 0.525,0.7333333333333333 80 2 5
171.920770975 172.578072562 0.4,0.7333333333333333 30 2 4
172.138049887 172.578072562 0.3,0.7333333333333333 30 2 4
172.346893424 172.578072562 0.2,0.7333333333333333 30 2 4
172.578072562 174.264648526 0.0875,0.55 80 2 5
172.776213152 174.264648526 0.2,0.55 30 2 4
172.987573696 174.264648526 0.3125,0.55 80 2 5
173.197981859 174.264648526 0.425,0.55 30 2 4
173.414829932 174.264648526 0.5375,0.55 80 2 5
173.637823129 174.264648526 0.65,0.55 30 2 4
173.844353741 174.264648526 0.7625,0.55 80 2 5
174.054036281 174.264648526 0.8875,0.55 30 2 4
174.264648526 175.956780045 0.9,0.38333333333333336 30 2 4
174.458752834 175.956780045 0.8125,0.38333333333333336 30 2 4
174.6638322 175.956780045 0.7,0.38333333333333336 80 2 5
174.895056689 175.956780045 0.575,0.38333333333333336 30 2 4
175.107709751 175.956780045 0.45,0.38333333333333336 80 2 5
175.305419501 175.956780045 0.3375,0.38333333333333336 30 2 4
175.510861678 175.956780045 0.225,0.38333333333333336 80 2 5
175.956780045 182.722675737 0.0875,0.6166666666666667 50 2 0
176.381882086 182.722675737 0.1625,0.6166666666666667 50 2 0
176.792539683 182.722675737 0.2375,0.6166666666666667 50 2 0
177.215600907 182.722675737 0.3125,0.6166666666666667 50 2 0
178.069274376 182.722675737 0.3625,0.5333333333333333 50 2 0
178.492403628 182.722675737 0.4125,0.45 50 2 0
178.897823129 182.722675737 0.4625,0.36666666666666664 50 2 0
179.340521542 182.722675737 0.5125,0.45 50 2 0
179.788480726 182.722675737 0.5625,0.5333333333333333 50 2 0
180.183219955 182.722675737 0.6125,0.6166666666666667 50 2 0
180.598072562 182.722675737 0.6875,0.6166666666666667 50 2 0
180.998480726 182.722675737 0.7625,0.6166666666666667 50 2 0
181.435238095 182.722675737 0.8375,0.6166666666666667 50 2 0
181.869591837 182.722675737 0.9125,0.6166666666666667 50 2 0
182.722675737 189.490929705 0.275,0.9166666666666666 50 2 4
183.139705215 189.490929705 0.2125,0.8333333333333334 50 2 4
183.57755102 189.490929705 0.15,0.75 50 2 4
184.020204082 189.490929705 0.0875,0.65 50 2 4
184.224897959 189.490929705 0.15,0.5666666666666667 50 2 4
184.408231293 189.490929705 0.2125,0.48333333333333334 50 2 4
184.84122449 189.490929705 0.275,0.4 50 2 4
185.247006803 189.490929705 0.3375,0.48333333333333334 50 2 4
185.555260771 189.490929705 0.4,0.5666666666666667 50 2 4
185.881451247 189.490929705 0.4625,0.65 50 2 4
186.100793651 189.490929705 0.4,0.75 50 2 4
186.5169161 189.490929705 0.3375,0.8333333333333334 50 2 4
186.940702948 189.490929705 0.275,0.8166666666666667 30 2 2
187.259886621 189.490929705 0.225,0.75 30 2 2
187.560408163 189.490929705 0.175,0.6666666666666666 30 2 2
187.810725624 189.490929705 0.225,0.5833333333333334 30 2 2
188.22723356 189.490929705 0.275,0.5 30 2 2
188.641746032 189.490929705 0.325,0.5833333333333334 30 2 2
188.965487528 189.490929705 0.375,0.6666666666666666 30 2 2
189.259002268 189.490929705 0.325,0.75 30 2 2
189.490929705 199.575 0.925,0.9 80 2 2
189.912358277 199.575 0.8375,0.9 30 2 4
190.313401361 199.575 0.775,0.9 30 2 4
190.632312925 199.575 0.7125,0.9 30 2 4
190.961133787 199.575 0.65,0.9 30 2 4
191.200294785 199.575 0.0875,0.9 80 2 4
191.605283447 199.575 0.0875,0.7833333333333333 30 2 2
192.03739229 199.575 0.0875,0.7 30 2 2
192.355056689 199.575 0.0875,0.6166666666666667 30 2 2
192.651451247 199.575 0.0875,0.5333333333333333 30 2 2
192.880929705 199.575 0.0875,0.11666666666666667 80 2 2
193.287891156 199.575 0.175,0.11666666666666667 30 2 4
193.731836735 199.575 0.2375,0.11666666666666667 30 2 4
194.038571429 199.575 0.3,0.11666666666666667 30 2 4
194.33047619 199.575 0.3625,0.11666666666666667 30 2 4
194.568367347 199.575 0.925,0.1 80 2 4
194.966417234 199.575 0.925,0.23333333333333334 30 2 2
195.402789116 199.575 0.925,0.31666666666666665 30 2 2
195.731723356 199.575 0.925,0.4 30 2 2
196.035306122 199.575 0.925,0.48333333333333334 30 2 2
