6.866984127 0.0875,0.8833333333333333 50 2
8.564693878 0.175,0.7666666666666667 50 2
10.278321995 0.275,0.6333333333333333 50 2
11.966031746 0.375,0.48333333333333334 50 2
13.676371882 0.475,0.35 50 2
14.534331066 0.5875,0.2 50 2
14.955192744 0.7,0.06666666666666667 50 2
15.387278912 0.7875,0.9333333333333333 50 2
17.095782313 0.875,0.8166666666666667 50 2
17.888049887 0.975,0.6833333333333333 50 2
18.331814059 0.0375,0.5333333333333333 50 2
18.759047619 0.125,0.4166666666666667 50 2
20.457573696 0.225,0.26666666666666666 50 2
21.305079365 0.3375,0.23333333333333334 50 2
21.715759637 0.45,0.26666666666666666 50 2
22.152721088 0.575,0.26666666666666666 50 2
22.972585034 0.675,0.23333333333333334 50 2
23.414399093 0.775,0.26666666666666666 50 2
23.839183673 0.9,0.26666666666666666 50 2
24.683696145 0.0375,0.23333333333333334 50 2
25.098594104 0.125,0.26666666666666666 50 2
25.547097506 0.25,0.26666666666666666 50 2
26.350249433 0.35,0.23333333333333334 50 2
26.557732426 0.425,0.23333333333333334 50 2
26.790181406 0.525,0.26666666666666666 50 2
26.996485261 0.625,0.25 50 2
27.208594104 0.725,0.26666666666666666 50 2
28.078888889 0.725,0.38333333333333336 50 2
28.498843537 0.725,0.48333333333333334 50 2
28.932675737 0.725,0.6166666666666667 50 2
29.755079365 0.725,0.7333333333333333 50 2
30.195011338 0.725,0.85 50 2
30.614852608 0.5875,0.75 50 2
31.428412698 0.45,0.65 50 2
31.877891156 0.3125,0.55 50 2
32.299138322 0.4125,0.45 50 2
32.703174603 0.4375,0.5666666666666667 50 2
32.917800454 0.4875,0.5333333333333333 50 2
33.165124717 0.5,0.4666666666666667 50 2
33.375646259 0.5,0.4 50 2
33.564875283 0.4625,0.3333333333333333 50 2
33.794399093 0.4,0.3333333333333333 50 2
33.997052154 0.3375,0.38333333333333336 50 2
34.421496599 0.225,0.38333333333333336 50 2
34.852267574 0.1125,0.43333333333333335 50 2
35.237006803 0.05,0.5666666666666667 50 2
35.448276644 0.0625,0.7333333333333333 50 2
37.308208617 0.1375,0.8833333333333333 50 2
37.54861678 0.2625,0.95 50 2
38.000680272 0.4,0.9333333333333333 50 2
38.436031746 0.5125,0.85 50 2
38.839319728 0.6,0.7166666666666667 50 2
41.149705215 0.65,0.55 50 2
41.577845805 0.625,0.36666666666666664 50 2
41.999773243 0.575,0.21666666666666667 50 2
42.197573696 0.4625,0.13333333333333333 50 2
44.062993197 0.325,0.1 50 2
44.537959184 0.1875,0.13333333333333333 50 2
44.759160998 0.1,0.2833333333333333 50 2
45.368117914 0.0875,0.4666666666666667 50 2
45.602675737 0.125,0.6333333333333333 50 2
45.995918367 0.225,0.7666666666666667 50 2
46.394761905 0.3625,0.8 50 2
46.843809524 0.4875,0.7333333333333333 50 2
47.059954649 0.5875,0.6333333333333333 50 2
47.910113379 0.6375,0.5 50 2
48.330861678 0.5375,0.6166666666666667 50 2
48.762176871 0.45,0.48333333333333334 50 2
48.973151927 0.4,0.5666666666666667 50 2
50.847528345 0.2,0.6666666666666666 50 2
51.054852608 0.125,0.7166666666666667 50 2
51.532517007 0.05,0.6666666666666666 50 2
51.963219955 0.9625,0.6166666666666667 50 2
52.374875283 0.8875,0.5166666666666667 50 2
54.636961451 0.6875,0.5 50 2
55.093560091 0.6,0.6166666666666667 50 2
55.50861678 0.525,0.5 50 2
55.733424036 0.4625,0.5666666666666667 50 2
57.631156463 0.3,0.6166666666666667 50 2
58.049433107 0.2125,0.6666666666666666 50 2
58.269206349 0.125,0.6166666666666667 50 2
58.900113379 0.05,0.5166666666666667 50 2
59.104897959 0.95,0.5833333333333334 50 2
59.545578231 0.8625,0.65 50 2
59.94414966 0.775,0.5833333333333334 50 2
60.386893424 0.725,0.5166666666666667 50 2
60.591746032 0.65,0.4666666666666667 50 2
61.036734694 0.5,0.45 50 2
61.461791383 0.4125,0.5333333333333333 50 2
61.872811791 0.325,0.45 50 2
62.310294785 0.4125,0.36666666666666664 50 2
62.730272109 0.5125,0.35 50 2
63.137301587 0.5125,0.5666666666666667 50 2
63.548049887 0.3,0.5666666666666667 50 2
63.997324263 0.3,0.35 50 2
64.415238095 0.3625,0.2833333333333333 50 2
64.832380952 0.45,0.2833333333333333 50 2
65.258639456 0.575,0.4166666666666667 50 2
65.671088435 0.575,0.5 50 2
66.089546485 0.45,0.6333333333333333 50 2
66.492380952 0.35,0.6333333333333333 50 2
66.93707483 0.2375,0.5 50 2
67.366848073 0.2375,0.4 50 2
68.179387755 0.2375,0.2833333333333333 50 2
68.617324263 0.2375,0.15 50 2
69.072199546 0.2375,0.03333333333333333 50 2
69.268344671 0.3375,0.05 50 2
71.157755102 0.5625,0.13333333333333333 50 2
71.569115646 0.6625,0.2 50 2
71.777482993 0.75,0.13333333333333333 50 2
72.400181406 0.85,0.08333333333333333 50 2
72.619024943 0.9375,0.13333333333333333 50 2
73.06170068 0.85,0.2 50 2
73.428866213 0.75,0.2833333333333333 50 2
73.860090703 0.85,0.31666666666666665 50 2
74.069251701 0.9375,0.2833333333333333 50 2
74.492789116 0.9375,0.43333333333333335 50 2
74.7130839 0.9375,0.5666666666666667 50 2
74.942426304 0.9375,0.7 50 2
75.17031746 0.9375,0.8333333333333334 50 2
75.383038549 0.8375,0.8333333333333334 50 2
75.597596372 0.7375,0.8333333333333334 50 2
75.830521542 0.6375,0.8333333333333334 50 2
76.036553288 0.5375,0.8333333333333334 50 2
76.232244898 0.4375,0.8333333333333334 50 2
76.446077098 0.3375,0.8333333333333334 50 2
76.644603175 0.2375,0.8333333333333334 50 2
76.842131519 0.1375,0.8333333333333334 50 2
77.053197279 0.1375,0.7 50 2
77.270430839 0.1375,0.5666666666666667 50 2
77.480861678 0.1375,0.43333333333333335 50 2
77.695782313 0.1375,0.3 50 2
77.90675737 0.2375,0.3 50 2
78.10845805 0.3375,0.3 50 2
78.340657596 0.4375,0.3 50 2
78.5461678 0.5375,0.3 50 2
78.751201814 0.6375,0.3 50 2
78.955623583 0.7375,0.3 50 2
79.160294785 0.8375,0.3 50 2
79.380113379 0.9375,0.3 50 2
79.602857143 0.85,0.43333333333333335 50 2
79.807120181 0.7625,0.5333333333333333 50 2
80.02 0.6625,0.65 50 2
80.232721088 0.575,0.7666666666666667 50 2
80.440907029 0.475,0.65 50 2
80.651882086 0.3875,0.5333333333333333 50 2
80.868911565 0.3,0.43333333333333335 50 2
81.061519274 0.225,0.31666666666666665 50 2
81.275873016 0.3,0.2 50 2
81.703038549 0.725,0.2 50 2
82.538344671 0.725,0.8166666666666667 50 2
83.386825397 0.2875,0.8166666666666667 50 2
84.6561678 0.9,0.5166666666666667 50 2
85.101723356 0.5125,0.9333333333333333 50 2
85.948095238 0.1125,0.55 50 2
86.769160998 0.5125,0.06666666666666667 50 2
89.740612245 0.2125,0.4666666666666667 50 2
90.20138322 0.275,0.6333333333333333 50 2
90.576054422 0.3375,0.4 50 2
90.939909297 0.3625,0.5333333333333333 50 2
91.198185941 0.425,0.65 50 2
91.457936508 0.45,0.4666666666666667 50 2
91.853219955 0.5375,0.36666666666666664 50 2
92.277596372 0.575,0.5666666666666667 50 2
92.598911565 0.6,0.7166666666666667 50 2
92.896870748 0.6875,0.6166666666666667 50 2
93.093900227 0.6625,0.48333333333333334 50 2
93.53553288 0.6875,0.36666666666666664 50 2
93.970566893 0.775,0.4666666666666667 50 2
94.280068027 0.7875,0.6 50 2
94.583038549 0.825,0.36666666666666664 50 2
94.794761905 0.55,0.8333333333333334 50 2
95.236349206 0.45,0.7666666666666667 50 2
95.660566893 0.5625,0.7333333333333333 50 2
95.97829932 0.65,0.6666666666666666 50 2
96.277097506 0.5375,0.6333333333333333 50 2
96.533854875 0.425,0.65 50 2
96.962970522 0.375,0.55 50 2
97.387664399 0.475,0.5333333333333333 50 2
97.670793651 0.5875,0.5166666666666667 50 2
98.007505669 0.6875,0.5166666666666667 50 2
98.215464853 0.625,0.43333333333333335 50 2
98.611247166 0.5125,0.4 50 2
99.049092971 0.3875,0.43333333333333335 50 2
99.361473923 0.425,0.35 50 2
99.667460317 0.4875,0.2833333333333333 50 2
99.896780045 0.6,0.3 50 2
100.333492063 0.5375,0.2 50 2
100.752108844 0.4,0.18333333333333332 50 2
101.063514739 0.625,0.11666666666666667 50 2
101.354172336 0.65,0.21666666666666667 50 2
108.303106576 0.925,0.08333333333333333 50 2
108.77877551 0.85,0.2 50 2
109.203650794 0.775,0.31666666666666665 50 2
109.601451247 0.6875,0.43333333333333335 50 2
109.840521542 0.6,0.55 50 2
110.085510204 0.5125,0.6666666666666666 50 2
111.698276644 0.075,0.08333333333333333 50 2
112.111836735 0.15,0.2 50 2
112.55814059 0.225,0.3333333333333333 50 2
112.986825397 0.3,0.4666666666666667 50 2
113.180045351 0.375,0.5833333333333334 50 2
113.40244898 0.45,0.7 50 2
114.638231293 0.525,0.8166666666666667 50 2
115.094217687 0.5,0.16666666666666666 50 2
115.289365079 0.5875,0.15 50 2
115.503106576 0.5625,0.25 50 2
115.725464853 0.4875,0.2833333333333333 50 2
115.935736961 0.4125,0.21666666666666667 50 2
116.160340136 0.4125,0.11666666666666667 50 2
116.377006803 0.475,0.05 50 2
116.581088435 0.5625,0.06666666666666667 50 2
116.782426304 0.1625,0.8 50 2
116.998526077 0.25,0.8333333333333334 50 2
117.214036281 0.25,0.7333333333333333 50 2
117.414489796 0.1875,0.6666666666666666 50 2
117.637482993 0.1,0.6833333333333333 50 2
117.830045351 0.0625,0.8 50 2
118.037437642 0.1,0.9 50 2
118.254444444 0.1875,0.9166666666666666 50 2
118.472335601 0.5,0.5666666666666667 50 2
118.686281179 0.5,0.6833333333333333 50 2
118.888163265 0.575,0.6333333333333333 50 2
119.119092971 0.5875,0.5333333333333333 50 2
119.324376417 0.5375,0.45 50 2
119.52877551 0.4625,0.45 50 2
119.72829932 0.4,0.5333333333333333 50 2
119.934285714 0.4125,0.6333333333333333 50 2
120.139047619 0.7375,0.85 50 2
120.352108844 0.6375,0.8666666666666667 50 2
120.575351474 0.6875,0.95 50 2
120.779319728 0.7875,0.95 50 2
120.990340136 0.8375,0.85 50 2
121.176848073 0.8125,0.75 50 2
121.411179138 0.725,0.7166666666666667 50 2
121.620861678 0.65,0.75 50 2
121.856462585 0.8,0.48333333333333334 50 2
122.088344671 0.875,0.5666666666666667 50 2
122.293151927 0.9,0.48333333333333334 50 2
122.513922902 0.8625,0.38333333333333336 50 2
122.730793651 0.775,0.36666666666666664 50 2
122.938820862 0.7,0.45 50 2
123.135306122 0.7125,0.5666666666666667 50 2
123.337800454 0.7875,0.6166666666666667 50 2
123.549274376 0.2,0.4 50 2
123.75877551 0.25,0.5 50 2
123.958004535 0.2875,0.4166666666666667 50 2
124.15122449 0.275,0.31666666666666665 50 2
124.345555556 0.2,0.26666666666666666 50 2
124.574512472 0.125,0.31666666666666665 50 2
124.790272109 0.1,0.4166666666666667 50 2
125.02292517 0.15,0.5166666666666667 50 2
125.226643991 0.425,0.85 50 2
125.445555556 0.475,0.95 50 2
125.656666667 0.5125,0.8666666666666667 50 2
125.878117914 0.5,0.7666666666666667 50 2
126.073718821 0.425,0.7333333333333333 50 2
126.28031746 0.35,0.7666666666666667 50 2
126.496303855 0.325,0.85 50 2
126.697188209 0.375,0.95 50 2
126.916734694 0.7875,0.16666666666666666 50 2
127.133514739 0.75,0.26666666666666666 50 2
127.335941043 0.8375,0.2833333333333333 50 2
127.551564626 0.8875,0.18333333333333332 50 2
127.763628118 0.8625,0.08333333333333333 50 2
127.957324263 0.775,0.05 50 2
128.157845805 0.7,0.1 50 2
128.374897959 0.6875,0.2 50 2
135.803174603 0.475,0.5333333333333333 50 2
136.22106576 0.475,0.4 50 2
136.689365079 0.475,0.26666666666666666 50 2
136.900839002 0.475,0.13333333333333333 50 2
138.739319728 0.7125,0.5333333333333333 50 2
139.186598639 0.7125,0.4 50 2
139.410929705 0.7125,0.26666666666666666 50 2
140.044013605 0.7125,0.13333333333333333 50 2
140.227755102 0.25,0.5333333333333333 50 2
140.674195011 0.25,0.4 50 2
141.065170068 0.25,0.26666666666666666 50 2
141.507346939 0.25,0.13333333333333333 50 2
142.15585034 0.3625,0.5333333333333333 50 2
142.567437642 0.3625,0.4 50 2
142.997256236 0.3625,0.26666666666666666 50 2
143.413015873 0.3625,0.13333333333333333 50 2
143.826553288 0.8375,0.5333333333333333 50 2
144.257301587 0.8375,0.4 50 2
144.680702948 0.8375,0.26666666666666666 50 2
145.09845805 0.8375,0.13333333333333333 50 2
145.530045351 0.6,0.5333333333333333 50 2
145.947619048 0.6,0.4 50 2
146.394807256 0.6,0.26666666666666666 50 2
146.808367347 0.6,0.13333333333333333 50 2
147.222675737 0.1625,0.8166666666666667 50 2
147.654285714 0.3375,0.8166666666666667 50 2
148.07829932 0.4625,0.8166666666666667 50 2
148.48399093 0.55,0.8166666666666667 50 2
148.50414966 0.6375,0.8166666666666667 50 2
148.702086168 0.725,0.8166666666666667 50 2
148.916190476 0.85,0.8166666666666667 50 2
149.342947846 0.1625,0.65 50 2
149.774988662 0.3375,0.65 50 2
150.201655329 0.5,0.65 50 2
150.620068027 0.6625,0.65 50 2
151.031360544 0.825,0.65 50 2
151.44600907 0.1625,0.48333333333333334 50 2
151.848843537 0.3375,0.48333333333333334 50 2
152.302244898 0.5,0.48333333333333334 50 2
152.72170068 0.6625,0.48333333333333334 50 2
153.146848073 0.825,0.48333333333333334 50 2
153.570770975 0.1625,0.31666666666666665 50 2
153.974693878 0.3375,0.31666666666666665 50 2
154.424807256 0.5,0.31666666666666665 50 2
154.811632653 0.6625,0.31666666666666665 50 2
155.241269841 0.825,0.31666666666666665 50 2
155.464852608 0.1625,0.15 50 2
155.683333333 0.3375,0.13333333333333333 50 2
156.105147392 0.5,0.13333333333333333 50 2
156.54276644 0.6625,0.13333333333333333 50 2
156.95138322 0.825,0.13333333333333333 50 2
157.383764172 0.125,0.85 50 2
157.777981859 0.2625,0.7 50 2
158.233446712 0.4125,0.55 50 2
158.628979592 0.575,0.38333333333333336 50 2
159.065759637 0.725,0.23333333333333334 50 2
159.460861678 0.875,0.08333333333333333 50 2
159.890181406 0.3625,0.9333333333333333 50 2
160.31675737 0.5125,0.7833333333333333 50 2
160.74414966 0.6625,0.6333333333333333 50 2
161.162290249 0.8125,0.48333333333333334 50 2
161.61154195 0.95,0.35 50 2
162.014217687 0.65,0.9166666666666666 50 2
162.850589569 0.7875,0.7833333333333333 50 2
163.302108844 0.925,0.65 50 2
163.715578231 0.825,0.9333333333333333 50 2
163.919501134 0.9125,0.85 50 2
165.778752834 0.0875,0.13333333333333333 50 2
166.214897959 0.175,0.13333333333333333 50 2
166.411405896 0.25,0.13333333333333333 50 2
167.045759637 0.325,0.13333333333333333 50 2
167.267845805 0.4,0.13333333333333333 50 2
167.693741497 0.475,0.13333333333333333 50 2
168.074920635 0.55,0.13333333333333333 50 2
168.464353741 0.625,0.13333333333333333 50 2
168.656712018 0.7,0.13333333333333333 50 2
169.099206349 0.8,0.13333333333333333 50 2
169.339274376 0.8,0.2833333333333333 50 2
169.5669161 0.8,0.43333333333333335 50 2
169.786553288 0.8,0.5833333333333334 50 2
170.022811791 0.8,0.7333333333333333 50 2
170.233718821 0.8,0.8833333333333333 50 2
170.44521542 0.6875,0.8833333333333333 50 2
170.649886621 0.575,0.8833333333333333 50 2
170.859591837 0.4625,0.8833333333333333 50 2
171.065056689 0.35,0.8833333333333333 50 2
171.291360544 0.2375,0.8833333333333333 50 2
171.500770975 0.125,0.8833333333333333 50 2
171.709614512 0.125,0.7333333333333333 50 2
171.920770975 0.125,0.5833333333333334 50 2
172.138049887 0.125,0.43333333333333335 50 2
172.346893424 0.125,0.2833333333333333 50 2
172.578072562 0.125,0.13333333333333333 50 2
172.776213152 0.2375,0.13333333333333333 50 2
172.987573696 0.35,0.13333333333333333 50 2
173.197981859 0.4625,0.13333333333333333 50 2
173.414829932 0.575,0.13333333333333333 50 2
173.637823129 0.6875,0.13333333333333333 50 2
173.844353741 0.8,0.13333333333333333 50 2
174.054036281 0.8,0.2833333333333333 50 2
174.264648526 0.8,0.43333333333333335 50 2
174.458752834 0.8,0.5833333333333334 50 2
174.6638322 0.8,0.7333333333333333 50 2
174.895056689 0.8,0.8833333333333333 50 2
175.107709751 0.6875,0.8833333333333333 50 2
175.305419501 0.575,0.8833333333333333 50 2
175.510861678 0.4625,0.8833333333333333 50 2
175.956780045 0.35,0.8833333333333333 50 2
176.381882086 0.2375,0.8833333333333333 50 2
176.792539683 0.2375,0.7333333333333333 50 2
177.215600907 0.2375,0.5833333333333334 50 2
178.069274376 0.2375,0.43333333333333335 50 2
178.492403628 0.2375,0.2833333333333333 50 2
178.897823129 0.35,0.2833333333333333 50 2
179.340521542 0.4625,0.2833333333333333 50 2
179.788480726 0.575,0.2833333333333333 50 2
180.183219955 0.6875,0.2833333333333333 50 2
180.598072562 0.6875,0.43333333333333335 50 2
180.998480726 0.6875,0.5833333333333334 50 2
181.435238095 0.6875,0.7333333333333333 50 2
181.869591837 0.575,0.7333333333333333 50 2
182.722675737 0.4875,0.5666666666666667 50 2
183.139705215 0.4875,0.43333333333333335 50 2
183.57755102 0.4875,0.15 50 2
184.020204082 0.4,0.15 50 2
184.224897959 0.575,0.15 50 2
184.408231293 0.35,0.65 50 2
184.84122449 0.4875,0.65 50 2
185.247006803 0.625,0.65 50 2
185.555260771 0.425,0.7666666666666667 50 2
185.881451247 0.5625,0.7666666666666667 50 2
186.100793651 0.85,0.85 50 2
186.5169161 0.85,0.75 50 2
186.940702948 0.85,0.65 50 2
187.259886621 0.85,0.55 50 2
187.560408163 0.85,0.45 50 2
187.810725624 0.125,0.85 50 2
188.22723356 0.125,0.75 50 2
188.641746032 0.125,0.65 50 2
188.965487528 0.125,0.55 50 2
189.259002268 0.125,0.45 50 2
189.490929705 0.475,0.8 50 2
189.912358277 0.475,0.6833333333333333 50 2
190.313401361 0.475,0.5666666666666667 50 2
190.632312925 0.475,0.45 50 2
190.961133787 0.475,0.3333333333333333 50 2
191.200294785 0.475,0.21666666666666667 50 2
191.605283447 0.475,0.1 50 2
192.03739229 0.475,0.9166666666666666 50 2
192.355056689 0.475,0.8 50 2
192.651451247 0.475,0.6833333333333333 50 2
192.880929705 0.475,0.5666666666666667 50 2
193.287891156 0.475,0.45 50 2
193.731836735 0.475,0.3333333333333333 50 2
194.038571429 0.475,0.21666666666666667 50 2
194.33047619 0.475,0.1 50 2
194.568367347 0.475,0.9166666666666666 50 2
194.966417234 0.475,0.8 50 2
195.402789116 0.475,0.6833333333333333 50 2
195.731723356 0.475,0.5666666666666667 50 2
196.035306122 0.475,0.45 50 2
