4.272471655 0.5,0.5 50 2
6.339047619 0.2,0.7 50 2
7.389750566 0.7,0.2 50 2
8.446258503 0.3,0.6 50 2
10.529591836 0.9,0.1 50 2
11.563537414 0.9,0.9 50 2
12.625850340 0.4,0.2 50 2
14.692426303 0.7,0.2 50 2
15.748934240 0.8,0.1 50 2
16.809591836 0.7,0.9 50 2
18.872018140 0.9,0.2 50 2
20.503219954 0.4,0.6 50 2
21.699047619 0.7,0.2 50 2
22.372426303 0.9,0.1 50 2
22.685895691 0.9,0.9 50 2
23.034195011 0.4,0.2 50 2
23.423129251 0.7,0.2 50 2
24.079092970 0.8,0.1 50 2
24.386757369 0.7,0.9 50 2
25.112380952 0.9,0.2 50 2
25.483900226 0.4,0.6 50 2
26.157278911 0.5,0.5 50 2
26.534603174 0.9,0.1 50 2
27.219591836 0.9,0.9 50 2
27.562086167 0.4,0.2 50 2
28.189024943 0.7,0.2 50 2
28.636009070 0.8,0.1 50 2
29.320997732 0.7,0.9 50 2
30.290430839 0.9,0.2 50 2
31.323718820 0.4,0.6 50 2
32.438276643 0.5,0.5 50 2
33.163900226 0.2,0.7 50 2
33.860498866 0.3,0.6 50 2
34.499047619 0.9,0.1 50 2
34.887981859 0.9,0.9 50 2
35.271111111 0.4,0.2 50 2
35.810975056 0.8,0.1 50 2
36.571428571 0.7,0.9 50 2
37.680181405 0.9,0.2 50 2
38.365170068 0.4,0.6 50 2
38.672834467 0.9,0.1 50 2
39.462312925 0.9,0.9 50 2
39.729342403 0.4,0.2 50 2
40.785850340 0.7,0.2 50 2
41.836553287 0.8,0.1 50 2
42.538956916 0.7,0.9 50 2
42.840816326 0.9,0.2 50 2
43.868299319 0.4,0.6 50 2
44.837732426 0.5,0.5 50 2
46.016145124 0.2,0.7 50 2
46.706938775 0.7,0.2 50 2
47.020408163 0.3,0.6 50 2
47.809886621 0.9,0.1 50 2
48.500680272 0.9,0.9 50 2
49.127619047 0.4,0.2 50 2
49.533968253 0.7,0.2 50 2
50.166712018 0.8,0.1 50 2
50.886530612 0.7,0.9 50 2
51.188390022 0.9,0.2 50 2
52.256507936 0.4,0.6 50 2
52.662857142 0.5,0.5 50 2
53.034376417 0.9,0.1 50 2
53.266575963 0.9,0.9 50 2
53.562630385 0.4,0.2 50 2
54.375328798 0.7,0.2 50 2
55.919455782 0.8,0.1 50 2
56.465124716 0.7,0.9 50 2
57.968616780 0.9,0.2 50 2
58.502675736 0.4,0.6 50 2
60.070022675 0.5,0.5 50 2
60.586666666 0.2,0.7 50 2
60.818866213 0.7,0.2 50 2
61.120725623 0.3,0.6 50 2
61.376145124 0.9,0.1 50 2
61.648979591 0.9,0.9 50 2
61.846349206 0.4,0.2 50 2
62.693877551 0.7,0.2 50 2
62.908662131 0.8,0.1 50 2
63.210521541 0.7,0.9 50 2
63.465941043 0.9,0.2 50 2
63.732970521 0.4,0.6 50 2
63.953560090 0.8,0.1 50 2
64.673378684 0.7,0.9 50 2
64.981043083 0.9,0.2 50 2
65.288707482 0.4,0.6 50 2
65.515102040 0.5,0.5 50 2
65.793741496 0.9,0.1 50 2
66.025941043 0.9,0.9 50 2
66.861859410 0.4,0.2 50 2
67.303038548 0.7,0.2 50 2
67.651337868 0.8,0.1 50 2
68.301496598 0.7,0.9 50 2
68.940045351 0.9,0.2 50 2
69.236099773 0.4,0.6 50 2
69.997006802 0.5,0.5 50 2
70.484172335 0.2,0.7 50 2
77.246984126 0.7,0.2 50 2
77.566258503 0.3,0.6 50 2
78.355736961 0.9,0.1 50 2
85.667074829 0.9,0.9 50 2
85.884807256 0.4,0.2 50 2
86.685895691 0.7,0.2 50 2
87.724988662 0.8,0.1 50 2
87.992018140 0.7,0.9 50 2
88.793106575 0.9,0.2 50 2
89.826394557 0.4,0.6 50 2
90.081814058 0.9,0.9 50 2
90.848072562 0.4,0.2 50 2
91.869750566 0.7,0.2 50 2
92.160000000 0.8,0.1 50 2
92.932063492 0.7,0.9 50 2
93.727346938 0.9,0.2 50 2
94.273015873 0.4,0.6 50 2
94.795464852 0.8,0.1 50 2
95.335328798 0.7,0.9 50 2
96.101587301 0.9,0.2 50 2
97.065215419 0.4,0.6 50 2
98.040453514 0.5,0.5 50 2
98.545487528 0.9,0.1 50 2
98.911201814 0.9,0.9 50 2
100.223129251 0.9,0.1 50 2
100.495963718 0.9,0.9 50 2
101.180952380 0.4,0.2 50 2
101.639546485 0.7,0.2 50 2
102.330340136 0.8,0.1 50 2
103.108208616 0.7,0.9 50 2
103.874467120 0.9,0.2 50 2
104.425941043 0.4,0.6 50 2
105.436009070 0.5,0.5 50 2
106.498321995 0.2,0.7 50 2
107.287800453 0.7,0.2 50 2
108.599727891 0.3,0.6 50 2
108.982857142 0.9,0.1 50 2
109.569160997 0.9,0.9 50 2
109.969705215 0.4,0.2 50 2
110.672108843 0.7,0.2 50 2
111.217777777 0.8,0.1 50 2
111.746031746 0.7,0.9 50 2
112.808707482 0.9,0.2 50 2
113.493696145 0.4,0.6 50 2
113.801360544 0.5,0.5 50 2
114.590839002 0.9,0.1 50 2
114.857868480 0.9,0.9 50 2
115.914376417 0.4,0.2 50 2
116.965079365 0.7,0.2 50 2
117.667482993 0.8,0.1 50 2
117.969342403 0.7,0.9 50 2
118.996825396 0.9,0.2 50 2
119.966258503 0.4,0.6 50 2
121.144671201 0.5,0.5 50 2
121.835464852 0.2,0.7 50 2
122.148934240 0.7,0.2 50 2
122.938412698 0.3,0.6 50 2
123.629206349 0.9,0.1 50 2
124.256145124 0.9,0.9 50 2
124.662494331 0.4,0.2 50 2
125.295238095 0.7,0.2 50 2
126.015056689 0.8,0.1 50 2
126.316916099 0.7,0.9 50 2
127.385034013 0.9,0.2 50 2
127.791383219 0.4,0.6 50 2
128.162902494 0.9,0.1 50 2
128.395102040 0.9,0.9 50 2
128.691156462 0.4,0.2 50 2
129.503854875 0.7,0.2 50 2
131.047981859 0.8,0.1 50 2
131.593650793 0.7,0.9 50 2
133.097142857 0.9,0.2 50 2
133.631201814 0.4,0.6 50 2
135.198548752 0.5,0.5 50 2
135.715192743 0.2,0.7 50 2
135.947392290 0.7,0.2 50 2
136.249251700 0.3,0.6 50 2
136.504671201 0.9,0.1 50 2
136.777505668 0.9,0.9 50 2
136.974875283 0.4,0.2 50 2
137.822403628 0.7,0.2 50 2
138.037188208 0.8,0.1 50 2
138.339047619 0.7,0.9 50 2
138.594467120 0.9,0.2 50 2
138.861496598 0.4,0.6 50 2
139.082086167 0.5,0.5 50 2
139.801904761 0.9,0.1 50 2
140.109569160 0.9,0.9 50 2
140.417233560 0.4,0.2 50 2
140.643628117 0.7,0.2 50 2
140.922267573 0.8,0.1 50 2
141.154467120 0.7,0.9 50 2
141.990385487 0.9,0.2 50 2
142.431564625 0.4,0.6 50 2
142.779863945 0.5,0.5 50 2
143.430022675 0.2,0.7 50 2
144.068571428 0.7,0.2 50 2
144.364625850 0.3,0.6 50 2
145.125532879 0.9,0.1 50 2
145.612698412 0.9,0.9 50 2
152.375510204 0.4,0.2 50 2
152.694784580 0.7,0.2 50 2
153.484263038 0.8,0.1 50 2
160.775510204 0.7,0.9 50 2
161.024580498 0.9,0.2 50 2
161.814058956 0.4,0.6 50 2
162.858956916 0.8,0.1 50 2
163.131791383 0.7,0.9 50 2
163.927074829 0.9,0.2 50 2
164.942947845 0.4,0.6 50 2
165.192562358 0.5,0.5 50 2
165.976235827 0.9,0.1 50 2
166.992108843 0.9,0.9 50 2
167.293968253 0.4,0.2 50 2
168.060226757 0.7,0.2 50 2
168.843900226 0.8,0.1 50 2
169.401179138 0.7,0.9 50 2
169.917823129 0.9,0.2 50 2
170.451882086 0.4,0.6 50 2
175.124897959 0.5,0.5 50 2
175.357097505 0.2,0.7 50 2
177.876462585 0.7,0.2 50 2
179.542494331 0.3,0.6 50 2
180.006893424 0.9,0.1 50 2
180.616417233 0.9,0.9 50 2
180.987936507 0.4,0.2 50 2
181.655510204 0.7,0.2 50 2
182.218594104 0.8,0.1 50 2
182.404353741 0.7,0.9 50 2
183.733696145 0.9,0.2 50 2
184.169070294 0.4,0.6 50 2
184.784399092 0.9,0.9 50 2
185.155918367 0.4,0.2 50 2
185.823492063 0.7,0.2 50 2
186.357551020 0.8,0.1 50 2
186.572335600 0.7,0.9 50 2
187.919092970 0.9,0.2 50 2
188.366077097 0.4,0.6 50 2
188.929160997 0.8,0.1 50 2
189.347120181 0.7,0.9 50 2
190.008888888 0.9,0.2 50 2
190.525532879 0.4,0.6 50 2
190.740317460 0.5,0.5 50 2
192.081269841 0.9,0.1 50 2
192.516643990 0.9,0.9 50 2
193.126167800 0.9,0.1 50 2
193.491882086 0.9,0.9 50 2
194.188480725 0.4,0.2 50 2
194.664489795 0.7,0.2 50 2
194.931519274 0.8,0.1 50 2
196.237641723 0.7,0.9 50 2
197.288344671 0.9,0.2 50 2
198.339047619 0.4,0.6 50 2
199.389750566 0.5,0.5 50 2
200.428843537 0.2,0.7 50 2
201.491156462 0.7,0.2 50 2
202.489614512 0.3,0.6 50 2
203.470657596 0.9,0.1 50 2
204.056961451 0.9,0.9 50 2
204.579410430 0.4,0.2 50 2
205.641723356 0.7,0.2 50 2
206.698231292 0.8,0.1 50 2
207.719909297 0.7,0.9 50 2
208.759002267 0.9,0.2 50 2
210.239274376 0.4,0.6 50 2
210.848798185 0.5,0.5 50 2
211.144852607 0.9,0.1 50 2
211.911111111 0.9,0.9 50 2
212.410340136 0.4,0.2 50 2
219.155736961 0.7,0.2 50 2
219.469206349 0.8,0.1 50 2
220.270294784 0.7,0.9 50 2
227.543945578 0.9,0.2 50 2
227.822585034 0.4,0.6 50 2
228.594648526 0.5,0.5 50 2
229.651156462 0.2,0.7 50 2
229.918185941 0.7,0.2 50 2
230.696054421 0.3,0.6 50 2
231.752562358 0.9,0.1 50 2
231.990566893 0.9,0.9 50 2
232.768435374 0.4,0.2 50 2
233.726258503 0.7,0.2 50 2
234.086167800 0.8,0.1 50 2
234.869841269 0.7,0.9 50 2
235.624489795 0.9,0.2 50 2
236.164353741 0.4,0.6 50 2
236.692607709 0.9,0.1 50 2
237.244081632 0.9,0.9 50 2
238.021950113 0.4,0.2 50 2
238.480544217 0.7,0.2 50 2
239.049433106 0.8,0.1 50 2
239.490612244 0.7,0.9 50 2
240.018866213 0.9,0.2 50 2
240.552925170 0.4,0.6 50 2
241.011519274 0.5,0.5 50 2
242.184126984 0.2,0.7 50 2
242.613696145 0.7,0.2 50 2
243.170975056 0.3,0.6 50 2
243.635374149 0.9,0.1 50 2
244.210068027 0.9,0.9 50 2
244.732517006 0.4,0.2 50 2
245.179501133 0.7,0.2 50 2
246.317278911 0.8,0.1 50 2
246.804897959 0.7,0.9 50 2
247.373786848 0.9,0.2 50 2
247.785941043 0.4,0.6 50 2
248.389659863 0.5,0.5 50 2
248.859863945 0.9,0.1 50 2
249.324263038 0.9,0.9 50 2
250.508480725 0.4,0.2 50 2
251.001904761 0.7,0.2 50 2
251.535963718 0.8,0.1 50 2
251.977142857 0.7,0.9 50 2
252.580861678 0.9,0.2 50 2
253.114920634 0.4,0.6 50 2
253.492244897 0.5,0.5 50 2
254.688072562 0.2,0.7 50 2
255.158276643 0.7,0.2 50 2
255.727165532 0.3,0.6 50 2
256.139319727 0.9,0.1 50 2
256.748843537 0.9,0.9 50 2
257.271292517 0.4,0.2 50 2
257.666031746 0.7,0.2 50 2
258.867664399 0.8,0.1 50 2
259.390113378 0.7,0.9 50 2
259.866122448 0.9,0.2 50 2
260.342131519 0.4,0.6 50 2
260.922630385 0.8,0.1 50 2
261.445079365 0.7,0.9 50 2
261.921088435 0.9,0.2 50 2
263.029841269 0.4,0.6 50 2
263.517460317 0.5,0.5 50 2
264.051519274 0.9,0.1 50 2
264.306938775 0.9,0.9 50 2
265.113832199 0.4,0.2 50 2
265.653696145 0.7,0.2 50 2
266.019410430 0.8,0.1 50 2
267.186213151 0.7,0.9 50 2
267.720272108 0.9,0.2 50 2
268.225306122 0.4,0.6 50 2
268.457505668 0.5,0.5 50 2
271.019977324 0.2,0.7 50 2
